#version_id = r130
#config_filename = exp6.cfg
#constant_demand = 0
#decision_pw_vector = 0,0.1,0.25,0.4,0.5,0.6
#offline_time_budget_vector = 1
#online_budget_vector = 1000
#policy_to_use = mcts
#probability_of_failure = 0.000
#num_simu = 1000
#num_stock_vector = 6
#num_timsteps_vector = 24
#seed = 1336125484
#state_pw_vector = 0,0.1,0.25,0.4,0.6,0.75,0.9,1
#time_of_failure = 3
#transition = stock_rare_event_mash
#policy_version = new_mash
#use_bv = 0
#use_decision_heuristics = 0
#system = Linux serveur-mogo 2.6.32-40-server #87-Ubuntu SMP Tue Mar 6 02:10:02 UTC 2012 x86_64 
#num_openmp_threads = 14
##decision_pw  state_pw  offline_time_budget  online_budget  num_stock  num_timesteps  average_cumulated_reward  cumulated_reward_standard_deviation  average_computation_time  computation_time_standard_deviation
0.000000000 0.000000000 1.000000000 1000.000000000 6 24 -386263.167340268 50646.916732944 1556 311
0.000000000 0.100000000 1.000000000 1000.000000000 6 24 -387200.424618527 49306.941351534 4014 1212
0.000000000 0.250000000 1.000000000 1000.000000000 6 24 -387910.810795545 52543.455747542 4761 1404
0.000000000 0.400000000 1.000000000 1000.000000000 6 24 -383592.072041698 52710.652761458 5088 1819
0.000000000 0.600000000 1.000000000 1000.000000000 6 24 -384332.301150420 51641.181444767 5260 1795
0.000000000 0.750000000 1.000000000 1000.000000000 6 24 -384621.097247978 53425.659019234 5435 1700
0.000000000 0.900000000 1.000000000 1000.000000000 6 24 -385480.177434797 50069.418798334 5368 1472
0.000000000 1.000000000 1.000000000 1000.000000000 6 24 -386232.698953084 51016.722150518 4995 509
0.100000000 0.000000000 1.000000000 1000.000000000 6 24 -365350.834792378 56492.272713439 1724 509
0.100000000 0.100000000 1.000000000 1000.000000000 6 24 -356285.007349715 57468.296780937 4169 1469
0.100000000 0.250000000 1.000000000 1000.000000000 6 24 -351965.502464841 56306.448329509 4834 1557
0.100000000 0.400000000 1.000000000 1000.000000000 6 24 -349107.220502250 58189.906503629 5095 1695
0.100000000 0.600000000 1.000000000 1000.000000000 6 24 -345990.467220578 55562.250610194 5307 1804
0.100000000 0.750000000 1.000000000 1000.000000000 6 24 -344108.649994931 56296.370014396 5359 1961
0.100000000 0.900000000 1.000000000 1000.000000000 6 24 -345689.443143987 57543.074294728 5393 1347
0.100000000 1.000000000 1.000000000 1000.000000000 6 24 -341425.346800837 58458.357132041 5029 646
0.250000000 0.000000000 1.000000000 1000.000000000 6 24 -332986.703571284 60922.623670224 2561 820
0.250000000 0.100000000 1.000000000 1000.000000000 6 24 -298511.326843077 63867.338923159 4623 1468
0.250000000 0.250000000 1.000000000 1000.000000000 6 24 -280722.668507487 63627.392177522 5042 1611
0.250000000 0.400000000 1.000000000 1000.000000000 6 24 -266531.570442729 59629.789617150 5199 1723
0.250000000 0.600000000 1.000000000 1000.000000000 6 24 -251736.183677053 61728.693487013 5342 1773
0.250000000 0.750000000 1.000000000 1000.000000000 6 24 -248462.392118591 59834.020778687 5492 1753
0.250000000 0.900000000 1.000000000 1000.000000000 6 24 -251077.739189536 60993.594575073 5467 1488
0.250000000 1.000000000 1.000000000 1000.000000000 6 24 -254084.577154657 56585.619889206 5243 1090
0.400000000 0.000000000 1.000000000 1000.000000000 6 24 -289549.145321619 67856.086830031 3882 1099
0.400000000 0.100000000 1.000000000 1000.000000000 6 24 -247401.742262284 65896.316684987 4916 1603
0.400000000 0.250000000 1.000000000 1000.000000000 6 24 -222213.674765470 61488.895165492 5213 1454
0.400000000 0.400000000 1.000000000 1000.000000000 6 24 -208185.090742616 58892.771484847 5336 1694
0.400000000 0.600000000 1.000000000 1000.000000000 6 24 -201002.720073921 58947.611116597 5535 1653
0.400000000 0.750000000 1.000000000 1000.000000000 6 24 -201402.742977220 57701.393661234 5537 1741
0.400000000 0.900000000 1.000000000 1000.000000000 6 24 -196724.072290905 54340.072114440 5548 1648
0.400000000 1.000000000 1.000000000 1000.000000000 6 24 -199461.278866999 55382.952434565 5422 1490
0.500000000 0.000000000 1.000000000 1000.000000000 6 24 -263019.094550341 70638.939471303 4576 1479
0.500000000 0.100000000 1.000000000 1000.000000000 6 24 -233519.167821559 68197.423174060 5130 1836
0.500000000 0.250000000 1.000000000 1000.000000000 6 24 -207611.527209483 65276.106794055 5232 1914
0.500000000 0.400000000 1.000000000 1000.000000000 6 24 -194336.629399737 61939.237631094 5411 2036
0.500000000 0.600000000 1.000000000 1000.000000000 6 24 -182386.101091551 58974.230508202 5484 1830
0.500000000 0.750000000 1.000000000 1000.000000000 6 24 -183597.845156583 59926.600141872 5565 1765
0.500000000 0.900000000 1.000000000 1000.000000000 6 24 -182507.114865274 59053.586681869 5576 1719
0.500000000 1.000000000 1.000000000 1000.000000000 6 24 -179262.212383718 56536.549461824 5560 1607
0.600000000 0.000000000 1.000000000 1000.000000000 6 24 -263748.791769885 74044.015092051 5039 1676
0.600000000 0.100000000 1.000000000 1000.000000000 6 24 -232513.133468143 75295.555136600 5301 1732
0.600000000 0.250000000 1.000000000 1000.000000000 6 24 -209706.531821455 72485.025865598 5392 1799
0.600000000 0.400000000 1.000000000 1000.000000000 6 24 -196830.925765543 67504.891417786 5440 1838
0.600000000 0.600000000 1.000000000 1000.000000000 6 24 -185315.289272262 64997.587811746 5448 1843
0.600000000 0.750000000 1.000000000 1000.000000000 6 24 -181683.770844166 65600.686306323 5497 1930
0.600000000 0.900000000 1.000000000 1000.000000000 6 24 -186265.657923898 66515.892412345 5521 1924
0.600000000 1.000000000 1.000000000 1000.000000000 6 24 -177296.738788743 64128.975838053 5561 1794
